50|[-750, 30972, 0]|[0, 0, 90]|[19, 236, 113]
51|[-750, 30810, 0]|[0, 0, 90]|[19, 236, 109]
52|[-750, 30645, 0]|[0, 0, 90]|[19, 236, 124]
53|[-750, 30480, 0]|[0, 0, 90]|[19, 236, 135]
54|[-750, 30315, 0]|[0, 0, 90]|[19, 236, 149]
55|[-750, 30150, 0]|[0, 0, 90]|[19, 236, 160]
56|[-750, 29985, 0]|[0, 0, 90]|[19, 236, 171]
57|[-750, 29820, 0]|[0, 0, 90]|[19, 236, 182]
58|[-750, 29655, 0]|[0, 0, 90]|[19, 236, 193]
59|[-750, 29490, 0]|[0, 0, 90]|[19, 236, 203]
60|[-750, 29325, 0]|[0, 0, 90]|[19, 236, 211]
61|[-750, 29160, 0]|[0, 0, 90]|[19, 236, 221]
62|[-750, 28995, 0]|[0, 0, 90]|[19, 236, 229]
63|[-750, 28830, 0]|[0, 0, 90]|[19, 236, 229]
64|[-750, 28666, 0]|[0, 0, 90]|[19, 236, 229]
65|[-750, 28501, 0]|[0, 0, 90]|[19, 236, 229]
66|[-750, 28336, 0]|[0, 0, 90]|[19, 236, 229]
67|[-750, 28171, 0]|[0, 0, 90]|[19, 236, 229]
68|[-750, 28006, 0]|[0, 0, 90]|[19, 236, 229]
69|[-750, 27841, 0]|[0, 0, 90]|[19, 236, 229]
70|[-750, 27676, 0]|[0, 0, 90]|[19, 236, 229]
71|[-750, 27511, 0]|[0, 0, 90]|[19, 236, 229]
72|[-750, 27346, 0]|[0, 0, 90]|[19, 236, 229]
73|[-750, 27181, 0]|[0, 0, 90]|[19, 236, 229]
74|[-750, 27016, 0]|[0, 0, 90]|[19, 236, 229]
75|[-750, 26851, 0]|[0, 0, 90]|[19, 236, 229]
76|[-750, 26686, 0]|[0, 0, 90]|[19, 236, 229]
77|[-750, 26521, 0]|[0, 0, 90]|[19, 236, 229]
78|[-750, 26357, 0]|[0, 0, 90]|[19, 236, 229]
79|[-750, 26192, 0]|[0, 0, 90]|[19, 236, 229]
80|[-750, 26027, 0]|[0, 0, 90]|[19, 236, 229]
81|[-750, 25862, 0]|[0, 0, 90]|[19, 236, 229]
82|[-750, 25697, 0]|[0, 0, 90]|[19, 236, 229]
83|[-750, 25532, 0]|[0, 0, 90]|[19, 236, 229]
84|[-750, 25367, 0]|[0, 0, 90]|[19, 236, 229]
85|[-750, 25202, 0]|[0, 0, 90]|[19, 236, 229]
86|[-750, 25037, 0]|[0, 0, 90]|[19, 236, 229]
87|[-750, 24872, 0]|[0, 0, 90]|[19, 236, 229]
88|[-750, 24707, 0]|[0, 0, 90]|[19, 236, 229]
89|[-750, 24542, 0]|[0, 0, 90]|[19, 236, 229]
90|[-750, 24377, 0]|[0, 0, 90]|[19, 236, 229]
91|[-750, 24213, 0]|[0, 0, 90]|[19, 236, 229]
92|[-750, 24048, 0]|[0, 0, 90]|[19, 236, 229]
93|[-750, 23883, 0]|[0, 0, 90]|[19, 236, 229]
94|[-750, 23718, 0]|[0, 0, 90]|[19, 236, 229]
95|[-750, 23553, 0]|[0, 0, 90]|[19, 236, 229]
96|[-750, 23388, 0]|[0, 0, 90]|[19, 236, 229]
97|[-750, 23223, 0]|[0, 0, 90]|[19, 236, 229]
98|[-750, 23058, 0]|[0, 0, 90]|[19, 236, 229]
99|[-750, 22893, 0]|[0, 0, 90]|[19, 236, 229]
100|[-750, 22728, 0]|[0, 0, 90]|[19, 236, 229]
101|[-750, 22563, 0]|[0, 0, 90]|[19, 236, 229]
102|[-750, 22398, 0]|[0, 0, 90]|[19, 236, 229]
103|[-750, 22233, 0]|[0, 0, 90]|[19, 236, 229]
104|[-750, 22068, 0]|[0, 0, 90]|[19, 236, 229]
105|[-750, 21904, 0]|[0, 0, 90]|[19, 236, 229]
106|[-750, 21739, 0]|[0, 0, 90]|[19, 236, 229]
107|[-750, 21574, 0]|[0, 0, 90]|[19, 236, 229]
108|[-750, 21409, 0]|[0, 0, 90]|[19, 236, 229]
109|[-750, 21244, 0]|[0, 0, 90]|[19, 236, 229]
110|[-750, 21079, 0]|[0, 0, 90]|[19, 236, 229]
111|[-750, 20914, 0]|[0, 0, 90]|[19, 236, 229]
112|[-750, 20749, 0]|[0, 0, 90]|[19, 236, 229]
113|[-750, 20584, 0]|[0, 0, 90]|[19, 236, 229]
114|[-750, 20419, 0]|[0, 0, 90]|[19, 236, 229]
115|[-750, 20254, 0]|[0, 0, 90]|[19, 236, 229]
116|[-750, 20089, 0]|[0, 0, 90]|[19, 236, 229]
117|[-750, 19924, 0]|[0, 0, 90]|[19, 236, 229]
118|[-750, 19760, 0]|[0, 0, 90]|[19, 236, 229]
119|[-750, 19595, 0]|[0, 0, 90]|[19, 236, 229]
120|[-750, 19430, 0]|[0, 0, 90]|[19, 236, 229]
121|[-750, 19265, 0]|[0, 0, 90]|[19, 236, 229]
122|[-750, 19100, 0]|[0, 0, 90]|[19, 236, 229]
123|[-750, 18935, 0]|[0, 0, 90]|[19, 236, 229]
124|[-750, 18770, 0]|[0, 0, 90]|[19, 236, 229]
125|[-750, 18605, 0]|[0, 0, 90]|[19, 236, 229]
126|[-750, 18440, 0]|[0, 0, 90]|[19, 236, 229]
127|[-750, 18275, 0]|[0, 0, 90]|[19, 236, 229]
128|[-750, 18110, 0]|[0, 0, 90]|[19, 236, 229]
129|[-750, 17945, 0]|[0, 0, 90]|[19, 236, 229]
130|[-750, 17780, 0]|[0, 0, 90]|[19, 236, 229]
131|[-750, 17615, 0]|[0, 0, 90]|[19, 236, 229]
132|[-750, 17451, 0]|[0, 0, 90]|[19, 236, 229]
133|[-750, 17286, 0]|[0, 0, 90]|[19, 236, 229]
134|[-750, 17121, 0]|[0, 0, 90]|[19, 236, 229]
135|[-750, 16956, 0]|[0, 0, 90]|[19, 236, 229]
136|[-750, 16791, 0]|[0, 0, 90]|[19, 236, 229]
137|[-750, 16626, 0]|[0, 0, 90]|[19, 236, 229]
138|[-750, 16461, 0]|[0, 0, 90]|[19, 236, 229]
139|[-750, 16296, 0]|[0, 0, 90]|[19, 236, 229]
140|[-750, 16131, 0]|[0, 0, 90]|[19, 236, 229]
141|[-750, 15966, 0]|[0, 0, 90]|[19, 236, 229]
142|[-750, 15801, 0]|[0, 0, 90]|[19, 236, 229]
143|[-750, 15636, 0]|[0, 0, 90]|[19, 236, 229]
144|[-750, 15471, 0]|[0, 0, 90]|[19, 236, 229]
145|[-750, 15306, 0]|[0, 0, 90]|[19, 236, 229]
146|[-750, 15142, 0]|[0, 0, 90]|[19, 236, 229]
147|[-750, 14977, 0]|[0, 0, 90]|[19, 236, 229]
148|[-750, 14812, 0]|[0, 0, 90]|[19, 236, 229]
149|[-750, 14647, 0]|[0, 0, 90]|[19, 236, 229]
150|[-750, 14482, 0]|[0, 0, 90]|[19, 236, 229]
151|[-750, 14317, 0]|[0, 0, 90]|[19, 236, 229]
152|[-750, 14152, 0]|[0, 0, 90]|[19, 236, 229]
153|[-750, 13987, 0]|[0, 0, 90]|[19, 236, 229]
154|[-750, 13822, 0]|[0, 0, 90]|[19, 236, 229]
155|[-750, 13657, 0]|[0, 0, 90]|[19, 236, 229]
156|[-750, 13492, 0]|[0, 0, 90]|[19, 236, 229]
157|[-750, 13327, 0]|[0, 0, 90]|[19, 236, 229]
158|[-750, 13162, 0]|[0, 0, 90]|[19, 236, 229]
159|[-750, 12998, 0]|[0, 0, 90]|[19, 236, 229]
160|[-750, 12833, 0]|[0, 0, 90]|[19, 236, 229]
161|[-750, 12668, 0]|[0, 0, 90]|[19, 236, 229]
162|[-750, 12503, 0]|[0, 0, 90]|[19, 236, 229]
163|[-750, 12338, 0]|[0, 0, 90]|[19, 236, 229]
164|[-750, 12173, 0]|[0, 0, 90]|[19, 236, 229]
165|[-750, 12008, 0]|[0, 0, 90]|[19, 236, 229]
166|[-750, 11843, 0]|[0, 0, 90]|[19, 236, 229]
167|[-750, 11678, 0]|[0, 0, 90]|[19, 236, 229]
168|[-750, 11513, 0]|[0, 0, 90]|[19, 236, 229]
169|[-750, 11348, 0]|[0, 0, 90]|[19, 236, 229]
170|[-750, 11183, 0]|[0, 0, 90]|[19, 236, 229]
171|[-750, 11018, 0]|[0, 0, 90]|[19, 236, 229]
172|[-750, 10853, 0]|[0, 0, 90]|[19, 236, 229]
173|[-750, 10689, 0]|[0, 0, 90]|[19, 236, 229]
174|[-750, 10524, 0]|[0, 0, 90]|[19, 236, 229]
175|[-750, 10359, 0]|[0, 0, 90]|[19, 236, 229]
176|[-750, 10194, 0]|[0, 0, 90]|[19, 236, 229]
177|[-750, 10029, 0]|[0, 0, 90]|[19, 236, 229]
178|[-750, 9864, 0]|[0, 0, 90]|[19, 236, 229]
179|[-750, 9699, 0]|[0, 0, 90]|[19, 236, 229]
180|[-750, 9534, 0]|[0, 0, 90]|[19, 236, 229]
181|[-750, 9369, 0]|[0, 0, 90]|[19, 236, 229]
182|[-750, 9204, 0]|[0, 0, 90]|[19, 236, 229]
183|[-750, 9039, 0]|[0, 0, 90]|[19, 236, 229]
184|[-750, 8874, 0]|[0, 0, 90]|[19, 236, 229]
185|[-750, 8709, 0]|[0, 0, 90]|[19, 236, 229]
186|[-750, 8545, 0]|[0, 0, 90]|[19, 236, 229]
187|[-750, 8380, 0]|[0, 0, 90]|[19, 236, 229]
188|[-750, 8215, 0]|[0, 0, 90]|[19, 236, 229]
189|[-750, 8050, 0]|[0, 0, 90]|[19, 236, 229]
190|[-750, 7885, 0]|[0, 0, 90]|[19, 236, 229]
191|[-750, 7720, 0]|[0, 0, 90]|[19, 236, 229]
192|[-750, 7555, 0]|[0, 0, 90]|[19, 236, 229]
193|[-750, 7390, 0]|[0, 0, 90]|[19, 236, 229]
194|[-750, 7225, 0]|[0, 0, 90]|[19, 236, 229]
195|[-750, 7060, 0]|[0, 0, 90]|[19, 236, 229]
196|[-750, 6895, 0]|[0, 0, 90]|[19, 236, 229]
197|[-750, 6730, 0]|[0, 0, 90]|[19, 236, 229]
198|[-750, 6565, 0]|[0, 0, 90]|[19, 236, 229]
199|[-750, 6400, 0]|[0, 0, 90]|[19, 236, 229]
200|[-750, 6236, 0]|[0, 0, 90]|[19, 236, 229]
201|[-750, 6071, 0]|[0, 0, 90]|[19, 236, 229]
202|[-750, 5906, 0]|[0, 0, 90]|[19, 236, 229]
203|[-750, 5741, 0]|[0, 0, 90]|[19, 236, 229]
204|[-750, 5576, 0]|[0, 0, 90]|[19, 236, 229]
205|[-750, 5411, 0]|[0, 0, 90]|[19, 236, 229]
206|[-750, 5246, 0]|[0, 0, 90]|[19, 236, 229]
207|[-750, 5081, 0]|[0, 0, 90]|[19, 236, 229]
208|[-750, 4916, 0]|[0, 0, 90]|[19, 236, 229]
209|[-750, 4751, 0]|[0, 0, 90]|[19, 236, 229]
210|[-750, 4586, 0]|[0, 0, 90]|[19, 236, 229]
211|[-750, 4421, 0]|[0, 0, 90]|[19, 236, 229]
212|[-750, 4256, 0]|[0, 0, 90]|[19, 236, 229]
213|[-750, 4092, 0]|[0, 0, 90]|[19, 236, 229]
214|[-750, 3927, 0]|[0, 0, 90]|[19, 236, 229]
215|[-750, 3762, 0]|[0, 0, 90]|[19, 236, 229]
216|[-750, 3597, 0]|[0, 0, 90]|[19, 236, 232]
217|[-750, 3435, 0]|[0, 0, 90]|[19, 225, 236]
218|[-750, 3274, 0]|[0, 0, 90]|[19, 225, 236]
219|[-750, 3113, 0]|[0, 0, 90]|[19, 225, 236]
220|[-750, 2952, 0]|[0, 0, 90]|[19, 225, 236]
221|[-750, 2791, 0]|[0, 0, 90]|[19, 225, 236]
222|[-750, 2630, 0]|[0, 0, 90]|[19, 225, 236]
223|[-750, 2469, 0]|[0, 0, 90]|[19, 225, 236]
224|[-750, 2308, 0]|[0, 0, 90]|[19, 225, 236]
225|[-750, 2147, 0]|[0, 0, 90]|[19, 229, 236]
226|[-750, 1986, 0]|[0, 0, 90]|[19, 236, 229]
227|[-750, 1826, 0]|[0, 0, 90]|[19, 236, 211]
228|[-750, 1665, 0]|[0, 0, 90]|[19, 236, 196]
229|[-750, 1504, 0]|[0, 0, 90]|[19, 236, 178]
230|[-750, 1343, 0]|[0, 0, 90]|[19, 236, 156]
231|[-750, 1182, 0]|[0, 0, 90]|[19, 236, 138]
232|[-750, 1021, 0]|[0, 0, 90]|[19, 236, 113]
233|[-750, 888, 0]|[0, 0, 90]|[19, 236, 109]
234|[-750, 759, 0]|[0, 0, 90]|[19, 236, 109]
235|[-750, 631, 0]|[0, 0, 90]|[19, 236, 109]
236|[-750, 502, 0]|[0, 0, 90]|[19, 236, 109]
237|[-750, 373, 0]|[0, 0, 90]|[19, 236, 109]
238|[-750, 245, 0]|[0, 0, 90]|[19, 236, 109]
239|[-750, 116, 0]|[0, 0, 90]|[19, 236, 109]
240|[-750, -13, 0]|[0, 0, 90]|[19, 236, 109]
241|[-750, -142, 0]|[0, 0, 90]|[19, 236, 109]
242|[-750, -270, 0]|[0, 0, 90]|[19, 236, 109]
243|[-750, -399, 0]|[0, 0, 90]|[19, 236, 109]
244|[-750, -528, 0]|[0, 0, 90]|[19, 236, 109]
245|[-750, -656, 0]|[0, 0, 90]|[19, 236, 109]
246|[-750, -785, 0]|[0, 0, 90]|[19, 236, 109]
247|[-750, -914, 0]|[0, 0, 90]|[19, 236, 109]
248|[-750, -1053, 0]|[0, 0, 90]|[19, 236, 109]
249|[-750, -1217, 0]|[0, 0, 90]|[19, 236, 109]
250|[-750, -1383, 0]|[0, 0, 90]|[19, 236, 109]
251|[-750, -1553, 0]|[0, 0, 90]|[19, 236, 109]
252|[-750, -1725, 0]|[0, 0, 90]|[19, 236, 109]
253|[-750, -1900, 0]|[0, 0, 90]|[19, 236, 109]
254|[-750, -2079, 0]|[0, 0, 90]|[19, 236, 109]
255|[-750, -2260, 0]|[0, 0, 90]|[19, 236, 109]
256|[-750, -2445, 0]|[0, 0, 90]|[19, 236, 109]
257|[-750, -2632, 0]|[0, 0, 90]|[19, 236, 109]
258|[-750, -2822, 0]|[0, 0, 90]|[19, 236, 109]
259|[-750, -3016, 0]|[0, 0, 90]|[19, 236, 109]
260|[-750, -3212, 0]|[0, 0, 90]|[19, 236, 109]
261|[-750, -3412, 0]|[0, 0, 90]|[19, 236, 109]
262|[-750, -3614, 0]|[0, 0, 90]|[19, 236, 109]
263|[-750, -3819, 0]|[0, 0, 90]|[19, 236, 109]
264|[-750, -4028, 0]|[0, 0, 90]|[19, 236, 109]
265|[-750, -4239, 0]|[0, 0, 90]|[19, 236, 109]
266|[-750, -4454, 0]|[0, 0, 90]|[19, 236, 109]
267|[-750, -4671, 0]|[0, 0, 90]|[19, 236, 109]
268|[-750, -4891, 0]|[0, 0, 90]|[19, 236, 109]
269|[-750, -5115, 0]|[0, 0, 90]|[19, 236, 109]
270|[-750, -5341, 0]|[0, 0, 90]|[19, 236, 109]
271|[-750, -5571, 0]|[0, 0, 90]|[19, 236, 109]
272|[-750, -5803, 0]|[0, 0, 90]|[19, 236, 109]
273|[-750, -6038, 0]|[0, 0, 90]|[19, 236, 109]
274|[-750, -6277, 0]|[0, 0, 90]|[19, 236, 109]
275|[-750, -6518, 0]|[0, 0, 90]|[19, 236, 109]
276|[-750, -6763, 0]|[0, 0, 90]|[19, 236, 109]
277|[-750, -7010, 0]|[0, 0, 90]|[19, 236, 109]
278|[-750, -7260, 0]|[0, 0, 90]|[19, 236, 109]
279|[-750, -7514, 0]|[0, 0, 90]|[19, 236, 109]
280|[-750, -7770, 0]|[0, 0, 90]|[19, 236, 109]
281|[-750, -8029, 0]|[0, 0, 90]|[19, 236, 109]
282|[-750, -8292, 0]|[0, 0, 90]|[19, 236, 109]
283|[-750, -8557, 0]|[0, 0, 90]|[19, 236, 109]
284|[-750, -8826, 0]|[0, 0, 90]|[19, 236, 109]
285|[-750, -9097, 0]|[0, 0, 90]|[19, 236, 109]
286|[-750, -9371, 0]|[0, 0, 90]|[19, 236, 109]
287|[-750, -9649, 0]|[0, 0, 90]|[19, 236, 109]
288|[-750, -9929, 0]|[0, 0, 90]|[19, 236, 109]
289|[-750, -10213, 0]|[0, 0, 90]|[19, 236, 109]
290|[-750, -10499, 0]|[0, 0, 90]|[19, 236, 109]
291|[-750, -10788, 0]|[0, 0, 90]|[19, 236, 109]
292|[-750, -11081, 0]|[0, 0, 90]|[19, 236, 109]
293|[-750, -11376, 0]|[0, 0, 90]|[19, 236, 109]
294|[-750, -11675, 0]|[0, 0, 90]|[19, 236, 109]
295|[-750, -11976, 0]|[0, 0, 90]|[19, 236, 109]
296|[-750, -12280, 0]|[0, 0, 90]|[19, 236, 109]
297|[-750, -12588, 0]|[0, 0, 90]|[19, 236, 109]
298|[-750, -12898, 0]|[0, 0, 90]|[19, 236, 109]
299|[-750, -13212, 0]|[0, 0, 90]|[19, 236, 109]
300|[-750, -13528, 0]|[0, 0, 90]|[19, 236, 109]
301|[-750, -13847, 0]|[0, 0, 90]|[19, 236, 109]
302|[-750, -14170, 0]|[0, 0, 90]|[19, 236, 109]
303|[-750, -14495, 0]|[0, 0, 90]|[19, 236, 109]
304|[-750, -14824, 0]|[0, 0, 90]|[19, 236, 109]
305|[-750, -15155, 0]|[0, 0, 90]|[19, 236, 109]
306|[-750, -15489, 0]|[0, 0, 90]|[19, 236, 109]
307|[-750, -15827, 0]|[0, 0, 90]|[19, 236, 109]
308|[-750, -16167, 0]|[0, 0, 90]|[19, 236, 109]
309|[-750, -16511, 0]|[0, 0, 90]|[19, 236, 109]
310|[-750, -16857, 0]|[0, 0, 90]|[19, 236, 109]
311|[-750, -17206, 0]|[0, 0, 90]|[19, 236, 109]
312|[-750, -17559, 0]|[0, 0, 90]|[19, 236, 109]
313|[-750, -17914, 0]|[0, 0, 90]|[19, 236, 109]
314|[-750, -18272, 0]|[0, 0, 90]|[19, 236, 109]
315|[-750, -18634, 0]|[0, 0, 90]|[19, 236, 109]
316|[-750, -18998, 0]|[0, 0, 90]|[19, 236, 109]
317|[-750, -19366, 0]|[0, 0, 90]|[19, 236, 109]
318|[-750, -19736, 0]|[0, 0, 90]|[19, 236, 109]
319|[-750, -20109, 0]|[0, 0, 90]|[19, 236, 109]
320|[-750, -20486, 0]|[0, 0, 90]|[19, 236, 109]
321|[-750, -20865, 0]|[0, 0, 90]|[19, 236, 109]
322|[-750, -21248, 0]|[0, 0, 90]|[19, 236, 109]
323|[-750, -21633, 0]|[0, 0, 90]|[19, 236, 109]
324|[-750, -22021, 0]|[0, 0, 90]|[19, 236, 109]
325|[-750, -22413, 0]|[0, 0, 90]|[19, 236, 109]
326|[-750, -22807, 0]|[0, 0, 90]|[19, 236, 109]
327|[-750, -23205, 0]|[0, 0, 90]|[19, 236, 109]
328|[-750, -23605, 0]|[0, 0, 90]|[19, 236, 109]
329|[-750, -24008, 0]|[0, 0, 90]|[19, 236, 109]
330|[-750, -24415, 0]|[0, 0, 90]|[19, 236, 109]
331|[-750, -24824, 0]|[0, 0, 90]|[19, 236, 109]
332|[-750, -25237, 0]|[0, 0, 90]|[19, 236, 109]
333|[-750, -25652, 0]|[0, 0, 90]|[19, 236, 109]
334|[-750, -26070, 0]|[0, 0, 90]|[19, 236, 109]
335|[-750, -26492, 0]|[0, 0, 90]|[19, 236, 109]
336|[-750, -26916, 0]|[0, 0, 90]|[19, 236, 109]
337|[-750, -27344, 0]|[0, 0, 90]|[19, 236, 109]
338|[-750, -27774, 0]|[0, 0, 90]|[19, 236, 109]
339|[-750, -28207, 0]|[0, 0, 90]|[19, 236, 109]
340|[-750, -28644, 0]|[0, 0, 90]|[19, 236, 109]
341|[-750, -29083, 0]|[0, 0, 90]|[19, 236, 109]
342|[-750, -29526, 0]|[0, 0, 90]|[19, 236, 109]
343|[-750, -29971, 0]|[0, 0, 90]|[19, 236, 109]
344|[-750, -30419, 0]|[0, 0, 90]|[19, 236, 109]
345|[-750, -30871, 0]|[0, 0, 90]|[19, 236, 109]
