56|[-30963, -750, 0]|[0, 0, -0]|[19, 236, 120]
57|[-30806, -750, 0]|[0, 0, -0]|[19, 236, 156]
58|[-30654, -750, 0]|[0, 0, -0]|[19, 236, 193]
59|[-30507, -750, 0]|[0, 0, -0]|[19, 236, 225]
60|[-30363, -750, 0]|[0, 0, -0]|[19, 229, 236]
61|[-30220, -750, 0]|[0, 0, -0]|[19, 218, 236]
62|[-30077, -750, 0]|[0, 0, -0]|[19, 211, 236]
63|[-29934, -750, 0]|[0, 0, -0]|[19, 203, 236]
64|[-29792, -750, 0]|[0, 0, -0]|[19, 193, 236]
65|[-29649, -750, 0]|[0, 0, -0]|[19, 185, 236]
66|[-29506, -750, 0]|[0, 0, -0]|[19, 178, 236]
67|[-29363, -750, 0]|[0, 0, -0]|[19, 171, 236]
68|[-29220, -750, 0]|[0, 0, -0]|[19, 164, 236]
69|[-29077, -750, 0]|[0, 0, -0]|[19, 156, 236]
70|[-28934, -750, 0]|[0, 0, -0]|[19, 156, 236]
71|[-28791, -750, 0]|[0, 0, -0]|[19, 156, 236]
72|[-28648, -750, 0]|[0, 0, -0]|[19, 156, 236]
73|[-28505, -750, 0]|[0, 0, -0]|[19, 156, 236]
74|[-28362, -750, 0]|[0, 0, -0]|[19, 156, 236]
75|[-28219, -750, 0]|[0, 0, -0]|[19, 156, 236]
76|[-28076, -750, 0]|[0, 0, -0]|[19, 156, 236]
77|[-27933, -750, 0]|[0, 0, -0]|[19, 156, 236]
78|[-27790, -750, 0]|[0, 0, -0]|[19, 156, 236]
79|[-27647, -750, 0]|[0, 0, -0]|[19, 156, 236]
80|[-27504, -750, 0]|[0, 0, -0]|[19, 156, 236]
81|[-27361, -750, 0]|[0, 0, -0]|[19, 156, 236]
82|[-27218, -750, 0]|[0, 0, -0]|[19, 156, 236]
83|[-27075, -750, 0]|[0, 0, -0]|[19, 156, 236]
84|[-26932, -750, 0]|[0, 0, -0]|[19, 156, 236]
85|[-26789, -750, 0]|[0, 0, -0]|[19, 156, 236]
86|[-26646, -750, 0]|[0, 0, -0]|[19, 156, 236]
87|[-26504, -750, 0]|[0, 0, -0]|[19, 156, 236]
88|[-26361, -750, 0]|[0, 0, -0]|[19, 156, 236]
89|[-26218, -750, 0]|[0, 0, -0]|[19, 156, 236]
90|[-26075, -750, 0]|[0, 0, -0]|[19, 156, 236]
91|[-25932, -750, 0]|[0, 0, -0]|[19, 156, 236]
92|[-25789, -750, 0]|[0, 0, -0]|[19, 156, 236]
93|[-25646, -750, 0]|[0, 0, -0]|[19, 156, 236]
94|[-25503, -750, 0]|[0, 0, -0]|[19, 156, 236]
95|[-25360, -750, 0]|[0, 0, -0]|[19, 156, 236]
96|[-25217, -750, 0]|[0, 0, -0]|[19, 156, 236]
97|[-25074, -750, 0]|[0, 0, -0]|[19, 156, 236]
98|[-24931, -750, 0]|[0, 0, -0]|[19, 156, 236]
99|[-24788, -750, 0]|[0, 0, -0]|[19, 156, 236]
100|[-24645, -750, 0]|[0, 0, -0]|[19, 156, 236]
101|[-24502, -750, 0]|[0, 0, -0]|[19, 156, 236]
102|[-24359, -750, 0]|[0, 0, -0]|[19, 156, 236]
103|[-24216, -750, 0]|[0, 0, -0]|[19, 156, 236]
104|[-24073, -750, 0]|[0, 0, -0]|[19, 156, 236]
105|[-23930, -750, 0]|[0, 0, -0]|[19, 156, 236]
106|[-23787, -750, 0]|[0, 0, -0]|[19, 156, 236]
107|[-23644, -750, 0]|[0, 0, -0]|[19, 156, 236]
108|[-23501, -750, 0]|[0, 0, -0]|[19, 156, 236]
109|[-23358, -750, 0]|[0, 0, -0]|[19, 156, 236]
110|[-23216, -750, 0]|[0, 0, -0]|[19, 156, 236]
111|[-23073, -750, 0]|[0, 0, -0]|[19, 156, 236]
112|[-22930, -750, 0]|[0, 0, -0]|[19, 156, 236]
113|[-22787, -750, 0]|[0, 0, -0]|[19, 156, 236]
114|[-22644, -750, 0]|[0, 0, -0]|[19, 156, 236]
115|[-22501, -750, 0]|[0, 0, -0]|[19, 156, 236]
116|[-22358, -750, 0]|[0, 0, -0]|[19, 156, 236]
117|[-22215, -750, 0]|[0, 0, -0]|[19, 156, 236]
118|[-22072, -750, 0]|[0, 0, -0]|[19, 156, 236]
119|[-21929, -750, 0]|[0, 0, -0]|[19, 156, 236]
120|[-21786, -750, 0]|[0, 0, -0]|[19, 156, 236]
121|[-21643, -750, 0]|[0, 0, -0]|[19, 156, 236]
122|[-21500, -750, 0]|[0, 0, -0]|[19, 156, 236]
123|[-21357, -750, 0]|[0, 0, -0]|[19, 156, 236]
124|[-21214, -750, 0]|[0, 0, -0]|[19, 156, 236]
125|[-21071, -750, 0]|[0, 0, -0]|[19, 156, 236]
126|[-20928, -750, 0]|[0, 0, -0]|[19, 156, 236]
127|[-20785, -750, 0]|[0, 0, -0]|[19, 156, 236]
128|[-20642, -750, 0]|[0, 0, -0]|[19, 156, 236]
129|[-20499, -750, 0]|[0, 0, -0]|[19, 156, 236]
130|[-20356, -750, 0]|[0, 0, -0]|[19, 156, 236]
131|[-20213, -750, 0]|[0, 0, -0]|[19, 156, 236]
132|[-20070, -750, 0]|[0, 0, -0]|[19, 156, 236]
133|[-19928, -750, 0]|[0, 0, -0]|[19, 156, 236]
134|[-19785, -750, 0]|[0, 0, -0]|[19, 156, 236]
135|[-19642, -750, 0]|[0, 0, -0]|[19, 156, 236]
136|[-19499, -750, 0]|[0, 0, -0]|[19, 156, 236]
137|[-19356, -750, 0]|[0, 0, -0]|[19, 156, 236]
138|[-19213, -750, 0]|[0, 0, -0]|[19, 156, 236]
139|[-19070, -750, 0]|[0, 0, -0]|[19, 156, 236]
140|[-18927, -750, 0]|[0, 0, -0]|[19, 156, 236]
141|[-18784, -750, 0]|[0, 0, -0]|[19, 156, 236]
142|[-18641, -750, 0]|[0, 0, -0]|[19, 156, 236]
143|[-18498, -750, 0]|[0, 0, -0]|[19, 156, 236]
144|[-18355, -750, 0]|[0, 0, -0]|[19, 156, 236]
145|[-18212, -750, 0]|[0, 0, -0]|[19, 156, 236]
146|[-18069, -750, 0]|[0, 0, -0]|[19, 156, 236]
147|[-17926, -750, 0]|[0, 0, -0]|[19, 156, 236]
148|[-17783, -750, 0]|[0, 0, -0]|[19, 156, 236]
149|[-17640, -750, 0]|[0, 0, -0]|[19, 156, 236]
150|[-17497, -750, 0]|[0, 0, -0]|[19, 156, 236]
151|[-17354, -750, 0]|[0, 0, -0]|[19, 156, 236]
152|[-17211, -750, 0]|[0, 0, -0]|[19, 156, 236]
153|[-17068, -750, 0]|[0, 0, -0]|[19, 156, 236]
154|[-16925, -750, 0]|[0, 0, -0]|[19, 156, 236]
155|[-16782, -750, 0]|[0, 0, -0]|[19, 156, 236]
156|[-16640, -750, 0]|[0, 0, -0]|[19, 156, 236]
157|[-16497, -750, 0]|[0, 0, -0]|[19, 156, 236]
158|[-16354, -750, 0]|[0, 0, -0]|[19, 156, 236]
159|[-16211, -750, 0]|[0, 0, -0]|[19, 156, 236]
160|[-16068, -750, 0]|[0, 0, -0]|[19, 156, 236]
161|[-15925, -750, 0]|[0, 0, -0]|[19, 156, 236]
162|[-15782, -750, 0]|[0, 0, -0]|[19, 156, 236]
163|[-15639, -750, 0]|[0, 0, -0]|[19, 156, 236]
164|[-15496, -750, 0]|[0, 0, -0]|[19, 156, 236]
165|[-15353, -750, 0]|[0, 0, -0]|[19, 156, 236]
166|[-15210, -750, 0]|[0, 0, -0]|[19, 156, 236]
167|[-15067, -750, 0]|[0, 0, -0]|[19, 156, 236]
168|[-14924, -750, 0]|[0, 0, -0]|[19, 156, 236]
169|[-14781, -750, 0]|[0, 0, -0]|[19, 156, 236]
170|[-14638, -750, 0]|[0, 0, -0]|[19, 156, 236]
171|[-14495, -750, 0]|[0, 0, -0]|[19, 156, 236]
172|[-14352, -750, 0]|[0, 0, -0]|[19, 156, 236]
173|[-14209, -750, 0]|[0, 0, -0]|[19, 156, 236]
174|[-14066, -750, 0]|[0, 0, -0]|[19, 156, 236]
175|[-13923, -750, 0]|[0, 0, -0]|[19, 156, 236]
176|[-13780, -750, 0]|[0, 0, -0]|[19, 156, 236]
177|[-13637, -750, 0]|[0, 0, -0]|[19, 156, 236]
178|[-13494, -750, 0]|[0, 0, -0]|[19, 156, 236]
179|[-13352, -750, 0]|[0, 0, -0]|[19, 156, 236]
180|[-13209, -750, 0]|[0, 0, -0]|[19, 156, 236]
181|[-13066, -750, 0]|[0, 0, -0]|[19, 156, 236]
182|[-12923, -750, 0]|[0, 0, -0]|[19, 156, 236]
183|[-12780, -750, 0]|[0, 0, -0]|[19, 156, 236]
184|[-12637, -750, 0]|[0, 0, -0]|[19, 156, 236]
185|[-12494, -750, 0]|[0, 0, -0]|[19, 156, 236]
186|[-12351, -750, 0]|[0, 0, -0]|[19, 156, 236]
187|[-12208, -750, 0]|[0, 0, -0]|[19, 156, 236]
188|[-12065, -750, 0]|[0, 0, -0]|[19, 156, 236]
189|[-11922, -750, 0]|[0, 0, -0]|[19, 156, 236]
190|[-11779, -750, 0]|[0, 0, -0]|[19, 156, 236]
191|[-11636, -750, 0]|[0, 0, -0]|[19, 156, 236]
192|[-11493, -750, 0]|[0, 0, -0]|[19, 156, 236]
193|[-11350, -750, 0]|[0, 0, -0]|[19, 156, 236]
194|[-11207, -750, 0]|[0, 0, -0]|[19, 156, 236]
195|[-11064, -750, 0]|[0, 0, -0]|[19, 156, 236]
196|[-10921, -750, 0]|[0, 0, -0]|[19, 156, 236]
197|[-10778, -750, 0]|[0, 0, -0]|[19, 156, 236]
198|[-10635, -750, 0]|[0, 0, -0]|[19, 156, 236]
199|[-10492, -750, 0]|[0, 0, -0]|[19, 156, 236]
200|[-10349, -750, 0]|[0, 0, -0]|[19, 156, 236]
201|[-10206, -750, 0]|[0, 0, -0]|[19, 156, 236]
202|[-10064, -750, 0]|[0, 0, -0]|[19, 156, 236]
203|[-9921, -750, 0]|[0, 0, -0]|[19, 156, 236]
204|[-9778, -750, 0]|[0, 0, -0]|[19, 156, 236]
205|[-9635, -750, 0]|[0, 0, -0]|[19, 156, 236]
206|[-9492, -750, 0]|[0, 0, -0]|[19, 156, 236]
207|[-9349, -750, 0]|[0, 0, -0]|[19, 156, 236]
208|[-9206, -750, 0]|[0, 0, -0]|[19, 156, 236]
209|[-9063, -750, 0]|[0, 0, -0]|[19, 156, 236]
210|[-8920, -750, 0]|[0, 0, -0]|[19, 156, 236]
211|[-8777, -750, 0]|[0, 0, -0]|[19, 156, 236]
212|[-8634, -750, 0]|[0, 0, -0]|[19, 156, 236]
213|[-8491, -750, 0]|[0, 0, -0]|[19, 156, 236]
214|[-8348, -750, 0]|[0, 0, -0]|[19, 156, 236]
215|[-8205, -750, 0]|[0, 0, -0]|[19, 156, 236]
216|[-8062, -750, 0]|[0, 0, -0]|[19, 156, 236]
217|[-7919, -750, 0]|[0, 0, -0]|[19, 156, 236]
218|[-7776, -750, 0]|[0, 0, -0]|[19, 156, 236]
219|[-7633, -750, 0]|[0, 0, -0]|[19, 156, 236]
220|[-7490, -750, 0]|[0, 0, -0]|[19, 156, 236]
221|[-7347, -750, 0]|[0, 0, -0]|[19, 156, 236]
222|[-7204, -750, 0]|[0, 0, -0]|[19, 156, 236]
223|[-7061, -750, 0]|[0, 0, -0]|[19, 156, 236]
224|[-6918, -750, 0]|[0, 0, -0]|[19, 156, 236]
225|[-6776, -750, 0]|[0, 0, -0]|[19, 156, 236]
226|[-6633, -750, 0]|[0, 0, -0]|[19, 156, 236]
227|[-6490, -750, 0]|[0, 0, -0]|[19, 156, 236]
228|[-6347, -750, 0]|[0, 0, -0]|[19, 156, 236]
229|[-6204, -750, 0]|[0, 0, -0]|[19, 156, 236]
230|[-6061, -750, 0]|[0, 0, -0]|[19, 156, 236]
231|[-5918, -750, 0]|[0, 0, -0]|[19, 156, 236]
232|[-5775, -750, 0]|[0, 0, -0]|[19, 156, 236]
233|[-5632, -750, 0]|[0, 0, -0]|[19, 156, 236]
234|[-5489, -750, 0]|[0, 0, -0]|[19, 156, 236]
235|[-5346, -750, 0]|[0, 0, -0]|[19, 156, 236]
236|[-5203, -750, 0]|[0, 0, -0]|[19, 156, 236]
237|[-5060, -750, 0]|[0, 0, -0]|[19, 156, 236]
238|[-4917, -750, 0]|[0, 0, -0]|[19, 156, 236]
239|[-4774, -750, 0]|[0, 0, -0]|[19, 156, 236]
240|[-4631, -750, 0]|[0, 0, -0]|[19, 156, 236]
241|[-4488, -750, 0]|[0, 0, -0]|[19, 156, 236]
242|[-4345, -750, 0]|[0, 0, -0]|[19, 160, 236]
243|[-4200, -750, 0]|[0, 0, -0]|[19, 171, 236]
244|[-4051, -750, 0]|[0, 0, -0]|[19, 182, 236]
245|[-3900, -750, 0]|[0, 0, -0]|[19, 196, 236]
246|[-3746, -750, 0]|[0, 0, -0]|[19, 207, 236]
247|[-3588, -750, 0]|[0, 0, -0]|[19, 218, 236]
248|[-3428, -750, 0]|[0, 0, -0]|[19, 225, 236]
249|[-3267, -750, 0]|[0, 0, -0]|[19, 225, 236]
250|[-3106, -750, 0]|[0, 0, -0]|[19, 225, 236]
251|[-2945, -750, 0]|[0, 0, -0]|[19, 225, 236]
252|[-2784, -750, 0]|[0, 0, -0]|[19, 225, 236]
253|[-2623, -750, 0]|[0, 0, -0]|[19, 225, 236]
254|[-2463, -750, 0]|[0, 0, -0]|[19, 225, 236]
255|[-2302, -750, 0]|[0, 0, -0]|[19, 225, 236]
256|[-2141, -750, 0]|[0, 0, -0]|[19, 232, 236]
257|[-1980, -750, 0]|[0, 0, -0]|[19, 236, 225]
258|[-1819, -750, 0]|[0, 0, -0]|[19, 236, 211]
259|[-1658, -750, 0]|[0, 0, -0]|[19, 236, 196]
260|[-1497, -750, 0]|[0, 0, -0]|[19, 236, 178]
261|[-1336, -750, 0]|[0, 0, -0]|[19, 236, 156]
262|[-1175, -750, 0]|[0, 0, -0]|[19, 236, 135]
263|[-1014, -750, 0]|[0, 0, -0]|[19, 236, 113]
264|[-883, -750, 0]|[0, 0, -0]|[19, 236, 109]
265|[-754, -750, 0]|[0, 0, -0]|[19, 236, 109]
266|[-625, -750, 0]|[0, 0, -0]|[19, 236, 109]
267|[-497, -750, 0]|[0, 0, -0]|[19, 236, 109]
268|[-368, -750, 0]|[0, 0, -0]|[19, 236, 109]
269|[-239, -750, 0]|[0, 0, -0]|[19, 236, 109]
270|[-111, -750, 0]|[0, 0, -0]|[19, 236, 109]
271|[18, -750, 0]|[0, 0, -0]|[19, 236, 109]
272|[147, -750, 0]|[0, 0, -0]|[19, 236, 109]
273|[276, -750, 0]|[0, 0, -0]|[19, 236, 109]
274|[404, -750, 0]|[0, 0, -0]|[19, 236, 109]
275|[533, -750, 0]|[0, 0, -0]|[19, 236, 109]
276|[662, -750, 0]|[0, 0, -0]|[19, 236, 109]
277|[791, -750, 0]|[0, 0, -0]|[19, 236, 109]
278|[919, -750, 0]|[0, 0, -0]|[19, 236, 109]
279|[1060, -750, 0]|[0, 0, -0]|[19, 236, 109]
280|[1224, -750, 0]|[0, 0, -0]|[19, 236, 109]
281|[1390, -750, 0]|[0, 0, -0]|[19, 236, 109]
282|[1560, -750, 0]|[0, 0, -0]|[19, 236, 109]
283|[1732, -750, 0]|[0, 0, -0]|[19, 236, 109]
284|[1908, -750, 0]|[0, 0, -0]|[19, 236, 109]
285|[2086, -750, 0]|[0, 0, -0]|[19, 236, 109]
286|[2268, -750, 0]|[0, 0, -0]|[19, 236, 109]
287|[2452, -750, 0]|[0, 0, -0]|[19, 236, 109]
288|[2640, -750, 0]|[0, 0, -0]|[19, 236, 109]
289|[2830, -750, 0]|[0, 0, -0]|[19, 236, 109]
290|[3024, -750, 0]|[0, 0, -0]|[19, 236, 109]
291|[3220, -750, 0]|[0, 0, -0]|[19, 236, 109]
292|[3420, -750, 0]|[0, 0, -0]|[19, 236, 109]
293|[3622, -750, 0]|[0, 0, -0]|[19, 236, 109]
294|[3828, -750, 0]|[0, 0, -0]|[19, 236, 109]
295|[4036, -750, 0]|[0, 0, -0]|[19, 236, 109]
296|[4248, -750, 0]|[0, 0, -0]|[19, 236, 109]
297|[4463, -750, 0]|[0, 0, -0]|[19, 236, 109]
298|[4680, -750, 0]|[0, 0, -0]|[19, 236, 109]
299|[4901, -750, 0]|[0, 0, -0]|[19, 236, 109]
300|[5124, -750, 0]|[0, 0, -0]|[19, 236, 109]
301|[5351, -750, 0]|[0, 0, -0]|[19, 236, 109]
302|[5580, -750, 0]|[0, 0, -0]|[19, 236, 109]
303|[5813, -750, 0]|[0, 0, -0]|[19, 236, 109]
304|[6048, -750, 0]|[0, 0, -0]|[19, 236, 109]
305|[6287, -750, 0]|[0, 0, -0]|[19, 236, 109]
306|[6528, -750, 0]|[0, 0, -0]|[19, 236, 109]
307|[6773, -750, 0]|[0, 0, -0]|[19, 236, 109]
308|[7020, -750, 0]|[0, 0, -0]|[19, 236, 109]
309|[7271, -750, 0]|[0, 0, -0]|[19, 236, 109]
310|[7524, -750, 0]|[0, 0, -0]|[19, 236, 109]
311|[7781, -750, 0]|[0, 0, -0]|[19, 236, 109]
312|[8040, -750, 0]|[0, 0, -0]|[19, 236, 109]
313|[8303, -750, 0]|[0, 0, -0]|[19, 236, 109]
314|[8568, -750, 0]|[0, 0, -0]|[19, 236, 109]
315|[8837, -750, 0]|[0, 0, -0]|[19, 236, 109]
316|[9108, -750, 0]|[0, 0, -0]|[19, 236, 109]
317|[9383, -750, 0]|[0, 0, -0]|[19, 236, 109]
318|[9660, -750, 0]|[0, 0, -0]|[19, 236, 109]
319|[9941, -750, 0]|[0, 0, -0]|[19, 236, 109]
320|[10224, -750, 0]|[0, 0, -0]|[19, 236, 109]
321|[10511, -750, 0]|[0, 0, -0]|[19, 236, 109]
322|[10800, -750, 0]|[0, 0, -0]|[19, 236, 109]
323|[11093, -750, 0]|[0, 0, -0]|[19, 236, 109]
324|[11388, -750, 0]|[0, 0, -0]|[19, 236, 109]
325|[11687, -750, 0]|[0, 0, -0]|[19, 236, 109]
326|[11989, -750, 0]|[0, 0, -0]|[19, 236, 109]
327|[12293, -750, 0]|[0, 0, -0]|[19, 236, 109]
328|[12601, -750, 0]|[0, 0, -0]|[19, 236, 109]
329|[12911, -750, 0]|[0, 0, -0]|[19, 236, 109]
330|[13225, -750, 0]|[0, 0, -0]|[19, 236, 109]
331|[13541, -750, 0]|[0, 0, -0]|[19, 236, 109]
332|[13861, -750, 0]|[0, 0, -0]|[19, 236, 109]
333|[14183, -750, 0]|[0, 0, -0]|[19, 236, 109]
334|[14509, -750, 0]|[0, 0, -0]|[19, 236, 109]
335|[14837, -750, 0]|[0, 0, -0]|[19, 236, 109]
336|[15169, -750, 0]|[0, 0, -0]|[19, 236, 109]
337|[15503, -750, 0]|[0, 0, -0]|[19, 236, 109]
338|[15841, -750, 0]|[0, 0, -0]|[19, 236, 109]
339|[16181, -750, 0]|[0, 0, -0]|[19, 236, 109]
340|[16525, -750, 0]|[0, 0, -0]|[19, 236, 109]
341|[16871, -750, 0]|[0, 0, -0]|[19, 236, 109]
342|[17221, -750, 0]|[0, 0, -0]|[19, 236, 109]
343|[17573, -750, 0]|[0, 0, -0]|[19, 236, 109]
344|[17929, -750, 0]|[0, 0, -0]|[19, 236, 109]
345|[18287, -750, 0]|[0, 0, -0]|[19, 236, 109]
346|[18649, -750, 0]|[0, 0, -0]|[19, 236, 109]
347|[19013, -750, 0]|[0, 0, -0]|[19, 236, 109]
348|[19381, -750, 0]|[0, 0, -0]|[19, 236, 109]
349|[19751, -750, 0]|[0, 0, -0]|[19, 236, 109]
350|[20125, -750, 0]|[0, 0, -0]|[19, 236, 109]
351|[20501, -750, 0]|[0, 0, -0]|[19, 236, 109]
352|[20881, -750, 0]|[0, 0, -0]|[19, 236, 109]
353|[21264, -750, 0]|[0, 0, -0]|[19, 236, 109]
354|[21649, -750, 0]|[0, 0, -0]|[19, 236, 109]
355|[22038, -750, 0]|[0, 0, -0]|[19, 236, 109]
356|[22429, -750, 0]|[0, 0, -0]|[19, 236, 109]
357|[22824, -750, 0]|[0, 0, -0]|[19, 236, 109]
358|[23221, -750, 0]|[0, 0, -0]|[19, 236, 109]
359|[23622, -750, 0]|[0, 0, -0]|[19, 236, 109]
360|[24025, -750, 0]|[0, 0, -0]|[19, 236, 109]
361|[24432, -750, 0]|[0, 0, -0]|[19, 236, 109]
362|[24841, -750, 0]|[0, 0, -0]|[19, 236, 109]
363|[25254, -750, 0]|[0, 0, -0]|[19, 236, 109]
364|[25669, -750, 0]|[0, 0, -0]|[19, 236, 109]
365|[26088, -750, 0]|[0, 0, -0]|[19, 236, 109]
366|[26509, -750, 0]|[0, 0, -0]|[19, 236, 109]
367|[26934, -750, 0]|[0, 0, -0]|[19, 236, 109]
368|[27361, -750, 0]|[0, 0, -0]|[19, 236, 109]
369|[27792, -750, 0]|[0, 0, -0]|[19, 236, 109]
370|[28225, -750, 0]|[0, 0, -0]|[19, 236, 109]
371|[28662, -750, 0]|[0, 0, -0]|[19, 236, 109]
372|[29101, -750, 0]|[0, 0, -0]|[19, 236, 109]
373|[29544, -750, 0]|[0, 0, -0]|[19, 236, 109]
374|[29989, -750, 0]|[0, 0, -0]|[19, 236, 109]
375|[30438, -750, 0]|[0, 0, -0]|[19, 236, 109]
376|[30889, -750, 0]|[0, 0, -0]|[19, 236, 109]
