61|[750, -30990, 0]|[0, 0, -90]|[19, 236, 109]
62|[750, -30827, 0]|[0, 0, -90]|[19, 236, 113]
63|[750, -30661, 0]|[0, 0, -90]|[19, 236, 109]
64|[750, -30493, 0]|[0, 0, -90]|[19, 236, 109]
65|[750, -30321, 0]|[0, 0, -90]|[19, 236, 109]
66|[750, -30147, 0]|[0, 0, -90]|[19, 236, 113]
67|[750, -29970, 0]|[0, 0, -90]|[19, 236, 120]
68|[750, -29793, 0]|[0, 0, -90]|[19, 236, 131]
69|[750, -29615, 0]|[0, 0, -90]|[19, 236, 146]
70|[750, -29438, 0]|[0, 0, -90]|[19, 236, 156]
71|[750, -29261, 0]|[0, 0, -90]|[19, 236, 167]
72|[750, -29084, 0]|[0, 0, -90]|[19, 236, 178]
73|[750, -28907, 0]|[0, 0, -90]|[19, 236, 182]
74|[750, -28730, 0]|[0, 0, -90]|[19, 236, 182]
75|[750, -28553, 0]|[0, 0, -90]|[19, 236, 182]
76|[750, -28376, 0]|[0, 0, -90]|[19, 236, 182]
77|[750, -28199, 0]|[0, 0, -90]|[19, 236, 182]
78|[750, -28022, 0]|[0, 0, -90]|[19, 236, 182]
79|[750, -27844, 0]|[0, 0, -90]|[19, 236, 182]
80|[750, -27667, 0]|[0, 0, -90]|[19, 236, 182]
81|[750, -27490, 0]|[0, 0, -90]|[19, 236, 182]
82|[750, -27313, 0]|[0, 0, -90]|[19, 236, 182]
83|[750, -27136, 0]|[0, 0, -90]|[19, 236, 182]
84|[750, -26959, 0]|[0, 0, -90]|[19, 236, 182]
85|[750, -26782, 0]|[0, 0, -90]|[19, 236, 182]
86|[750, -26605, 0]|[0, 0, -90]|[19, 236, 182]
87|[750, -26428, 0]|[0, 0, -90]|[19, 236, 182]
88|[750, -26250, 0]|[0, 0, -90]|[19, 236, 182]
89|[750, -26073, 0]|[0, 0, -90]|[19, 236, 182]
90|[750, -25896, 0]|[0, 0, -90]|[19, 236, 182]
91|[750, -25719, 0]|[0, 0, -90]|[19, 236, 182]
92|[750, -25542, 0]|[0, 0, -90]|[19, 236, 182]
93|[750, -25365, 0]|[0, 0, -90]|[19, 236, 182]
94|[750, -25188, 0]|[0, 0, -90]|[19, 236, 182]
95|[750, -25011, 0]|[0, 0, -90]|[19, 236, 182]
96|[750, -24834, 0]|[0, 0, -90]|[19, 236, 182]
97|[750, -24656, 0]|[0, 0, -90]|[19, 236, 182]
98|[750, -24479, 0]|[0, 0, -90]|[19, 236, 182]
99|[750, -24302, 0]|[0, 0, -90]|[19, 236, 182]
100|[750, -24125, 0]|[0, 0, -90]|[19, 236, 182]
101|[750, -23948, 0]|[0, 0, -90]|[19, 236, 182]
102|[750, -23771, 0]|[0, 0, -90]|[19, 236, 182]
103|[750, -23594, 0]|[0, 0, -90]|[19, 236, 182]
104|[750, -23417, 0]|[0, 0, -90]|[19, 236, 182]
105|[750, -23240, 0]|[0, 0, -90]|[19, 236, 182]
106|[750, -23063, 0]|[0, 0, -90]|[19, 236, 182]
107|[750, -22885, 0]|[0, 0, -90]|[19, 236, 182]
108|[750, -22708, 0]|[0, 0, -90]|[19, 236, 182]
109|[750, -22531, 0]|[0, 0, -90]|[19, 236, 182]
110|[750, -22354, 0]|[0, 0, -90]|[19, 236, 182]
111|[750, -22177, 0]|[0, 0, -90]|[19, 236, 182]
112|[750, -22000, 0]|[0, 0, -90]|[19, 236, 182]
113|[750, -21823, 0]|[0, 0, -90]|[19, 236, 182]
114|[750, -21646, 0]|[0, 0, -90]|[19, 236, 182]
115|[750, -21469, 0]|[0, 0, -90]|[19, 236, 182]
116|[750, -21291, 0]|[0, 0, -90]|[19, 236, 182]
117|[750, -21114, 0]|[0, 0, -90]|[19, 236, 182]
118|[750, -20937, 0]|[0, 0, -90]|[19, 236, 182]
119|[750, -20760, 0]|[0, 0, -90]|[19, 236, 182]
120|[750, -20583, 0]|[0, 0, -90]|[19, 236, 182]
121|[750, -20406, 0]|[0, 0, -90]|[19, 236, 182]
122|[750, -20229, 0]|[0, 0, -90]|[19, 236, 182]
123|[750, -20052, 0]|[0, 0, -90]|[19, 236, 182]
124|[750, -19875, 0]|[0, 0, -90]|[19, 236, 182]
125|[750, -19697, 0]|[0, 0, -90]|[19, 236, 182]
126|[750, -19520, 0]|[0, 0, -90]|[19, 236, 182]
127|[750, -19343, 0]|[0, 0, -90]|[19, 236, 182]
128|[750, -19166, 0]|[0, 0, -90]|[19, 236, 182]
129|[750, -18989, 0]|[0, 0, -90]|[19, 236, 182]
130|[750, -18812, 0]|[0, 0, -90]|[19, 236, 182]
131|[750, -18635, 0]|[0, 0, -90]|[19, 236, 182]
132|[750, -18458, 0]|[0, 0, -90]|[19, 236, 182]
133|[750, -18281, 0]|[0, 0, -90]|[19, 236, 182]
134|[750, -18104, 0]|[0, 0, -90]|[19, 236, 182]
135|[750, -17926, 0]|[0, 0, -90]|[19, 236, 182]
136|[750, -17749, 0]|[0, 0, -90]|[19, 236, 182]
137|[750, -17572, 0]|[0, 0, -90]|[19, 236, 182]
138|[750, -17395, 0]|[0, 0, -90]|[19, 236, 182]
139|[750, -17218, 0]|[0, 0, -90]|[19, 236, 182]
140|[750, -17041, 0]|[0, 0, -90]|[19, 236, 182]
141|[750, -16864, 0]|[0, 0, -90]|[19, 236, 182]
142|[750, -16687, 0]|[0, 0, -90]|[19, 236, 182]
143|[750, -16510, 0]|[0, 0, -90]|[19, 236, 182]
144|[750, -16332, 0]|[0, 0, -90]|[19, 236, 182]
145|[750, -16155, 0]|[0, 0, -90]|[19, 236, 182]
146|[750, -15978, 0]|[0, 0, -90]|[19, 236, 182]
147|[750, -15801, 0]|[0, 0, -90]|[19, 236, 182]
148|[750, -15624, 0]|[0, 0, -90]|[19, 236, 182]
149|[750, -15447, 0]|[0, 0, -90]|[19, 236, 182]
150|[750, -15270, 0]|[0, 0, -90]|[19, 236, 182]
151|[750, -15093, 0]|[0, 0, -90]|[19, 236, 182]
152|[750, -14916, 0]|[0, 0, -90]|[19, 236, 182]
153|[750, -14738, 0]|[0, 0, -90]|[19, 236, 182]
154|[750, -14561, 0]|[0, 0, -90]|[19, 236, 182]
155|[750, -14384, 0]|[0, 0, -90]|[19, 236, 182]
156|[750, -14207, 0]|[0, 0, -90]|[19, 236, 182]
157|[750, -14030, 0]|[0, 0, -90]|[19, 236, 182]
158|[750, -13853, 0]|[0, 0, -90]|[19, 236, 182]
159|[750, -13676, 0]|[0, 0, -90]|[19, 236, 182]
160|[750, -13499, 0]|[0, 0, -90]|[19, 236, 182]
161|[750, -13322, 0]|[0, 0, -90]|[19, 236, 182]
162|[750, -13145, 0]|[0, 0, -90]|[19, 236, 182]
163|[750, -12967, 0]|[0, 0, -90]|[19, 236, 182]
164|[750, -12790, 0]|[0, 0, -90]|[19, 236, 182]
165|[750, -12613, 0]|[0, 0, -90]|[19, 236, 182]
166|[750, -12436, 0]|[0, 0, -90]|[19, 236, 182]
167|[750, -12259, 0]|[0, 0, -90]|[19, 236, 182]
168|[750, -12082, 0]|[0, 0, -90]|[19, 236, 182]
169|[750, -11905, 0]|[0, 0, -90]|[19, 236, 182]
170|[750, -11728, 0]|[0, 0, -90]|[19, 236, 182]
171|[750, -11551, 0]|[0, 0, -90]|[19, 236, 182]
172|[750, -11373, 0]|[0, 0, -90]|[19, 236, 182]
173|[750, -11196, 0]|[0, 0, -90]|[19, 236, 182]
174|[750, -11019, 0]|[0, 0, -90]|[19, 236, 182]
175|[750, -10842, 0]|[0, 0, -90]|[19, 236, 182]
176|[750, -10665, 0]|[0, 0, -90]|[19, 236, 182]
177|[750, -10488, 0]|[0, 0, -90]|[19, 236, 182]
178|[750, -10311, 0]|[0, 0, -90]|[19, 236, 182]
179|[750, -10134, 0]|[0, 0, -90]|[19, 236, 182]
180|[750, -9957, 0]|[0, 0, -90]|[19, 236, 182]
181|[750, -9779, 0]|[0, 0, -90]|[19, 236, 182]
182|[750, -9602, 0]|[0, 0, -90]|[19, 236, 182]
183|[750, -9425, 0]|[0, 0, -90]|[19, 236, 182]
184|[750, -9248, 0]|[0, 0, -90]|[19, 236, 182]
185|[750, -9071, 0]|[0, 0, -90]|[19, 236, 182]
186|[750, -8894, 0]|[0, 0, -90]|[19, 236, 182]
187|[750, -8717, 0]|[0, 0, -90]|[19, 236, 182]
188|[750, -8540, 0]|[0, 0, -90]|[19, 236, 182]
189|[750, -8363, 0]|[0, 0, -90]|[19, 236, 182]
190|[750, -8186, 0]|[0, 0, -90]|[19, 236, 182]
191|[750, -8008, 0]|[0, 0, -90]|[19, 236, 182]
192|[750, -7831, 0]|[0, 0, -90]|[19, 236, 182]
193|[750, -7654, 0]|[0, 0, -90]|[19, 236, 182]
194|[750, -7477, 0]|[0, 0, -90]|[19, 236, 182]
195|[750, -7300, 0]|[0, 0, -90]|[19, 236, 182]
196|[750, -7123, 0]|[0, 0, -90]|[19, 236, 182]
197|[750, -6946, 0]|[0, 0, -90]|[19, 236, 182]
198|[750, -6769, 0]|[0, 0, -90]|[19, 236, 182]
199|[750, -6592, 0]|[0, 0, -90]|[19, 236, 182]
200|[750, -6414, 0]|[0, 0, -90]|[19, 236, 182]
201|[750, -6237, 0]|[0, 0, -90]|[19, 236, 182]
202|[750, -6060, 0]|[0, 0, -90]|[19, 236, 182]
203|[750, -5883, 0]|[0, 0, -90]|[19, 236, 182]
204|[750, -5706, 0]|[0, 0, -90]|[19, 236, 182]
205|[750, -5529, 0]|[0, 0, -90]|[19, 236, 182]
206|[750, -5352, 0]|[0, 0, -90]|[19, 236, 182]
207|[750, -5175, 0]|[0, 0, -90]|[19, 236, 182]
208|[750, -4998, 0]|[0, 0, -90]|[19, 236, 182]
209|[750, -4820, 0]|[0, 0, -90]|[19, 236, 182]
210|[750, -4643, 0]|[0, 0, -90]|[19, 236, 182]
211|[750, -4466, 0]|[0, 0, -90]|[19, 236, 182]
212|[750, -4289, 0]|[0, 0, -90]|[19, 236, 182]
213|[750, -4112, 0]|[0, 0, -90]|[19, 236, 182]
214|[750, -3936, 0]|[0, 0, -90]|[19, 236, 193]
215|[750, -3764, 0]|[0, 0, -90]|[19, 236, 211]
216|[750, -3597, 0]|[0, 0, -90]|[19, 236, 232]
217|[750, -3435, 0]|[0, 0, -90]|[19, 225, 236]
218|[750, -3274, 0]|[0, 0, -90]|[19, 225, 236]
219|[750, -3113, 0]|[0, 0, -90]|[19, 225, 236]
220|[750, -2952, 0]|[0, 0, -90]|[19, 225, 236]
221|[750, -2791, 0]|[0, 0, -90]|[19, 225, 236]
222|[750, -2630, 0]|[0, 0, -90]|[19, 225, 236]
223|[750, -2469, 0]|[0, 0, -90]|[19, 225, 236]
224|[750, -2308, 0]|[0, 0, -90]|[19, 225, 236]
225|[750, -2147, 0]|[0, 0, -90]|[19, 229, 236]
226|[750, -1986, 0]|[0, 0, -90]|[19, 236, 229]
227|[750, -1826, 0]|[0, 0, -90]|[19, 236, 211]
228|[750, -1665, 0]|[0, 0, -90]|[19, 236, 196]
229|[750, -1504, 0]|[0, 0, -90]|[19, 236, 178]
230|[750, -1343, 0]|[0, 0, -90]|[19, 236, 156]
231|[750, -1182, 0]|[0, 0, -90]|[19, 236, 138]
232|[750, -1021, 0]|[0, 0, -90]|[19, 236, 113]
233|[750, -888, 0]|[0, 0, -90]|[19, 236, 109]
234|[750, -759, 0]|[0, 0, -90]|[19, 236, 109]
235|[750, -631, 0]|[0, 0, -90]|[19, 236, 109]
236|[750, -502, 0]|[0, 0, -90]|[19, 236, 109]
237|[750, -373, 0]|[0, 0, -90]|[19, 236, 109]
238|[750, -245, 0]|[0, 0, -90]|[19, 236, 109]
239|[750, -116, 0]|[0, 0, -90]|[19, 236, 109]
240|[750, 13, 0]|[0, 0, -90]|[19, 236, 109]
241|[750, 142, 0]|[0, 0, -90]|[19, 236, 109]
242|[750, 270, 0]|[0, 0, -90]|[19, 236, 109]
243|[750, 399, 0]|[0, 0, -90]|[19, 236, 109]
244|[750, 528, 0]|[0, 0, -90]|[19, 236, 109]
245|[750, 656, 0]|[0, 0, -90]|[19, 236, 109]
246|[750, 785, 0]|[0, 0, -90]|[19, 236, 109]
247|[750, 914, 0]|[0, 0, -90]|[19, 236, 109]
248|[750, 1053, 0]|[0, 0, -90]|[19, 236, 109]
249|[750, 1217, 0]|[0, 0, -90]|[19, 236, 109]
250|[750, 1383, 0]|[0, 0, -90]|[19, 236, 109]
251|[750, 1553, 0]|[0, 0, -90]|[19, 236, 109]
252|[750, 1725, 0]|[0, 0, -90]|[19, 236, 109]
253|[750, 1900, 0]|[0, 0, -90]|[19, 236, 109]
254|[750, 2079, 0]|[0, 0, -90]|[19, 236, 109]
255|[750, 2260, 0]|[0, 0, -90]|[19, 236, 109]
256|[750, 2445, 0]|[0, 0, -90]|[19, 236, 109]
257|[750, 2632, 0]|[0, 0, -90]|[19, 236, 109]
258|[750, 2822, 0]|[0, 0, -90]|[19, 236, 109]
259|[750, 3016, 0]|[0, 0, -90]|[19, 236, 109]
260|[750, 3212, 0]|[0, 0, -90]|[19, 236, 109]
261|[750, 3412, 0]|[0, 0, -90]|[19, 236, 109]
262|[750, 3614, 0]|[0, 0, -90]|[19, 236, 109]
263|[750, 3819, 0]|[0, 0, -90]|[19, 236, 109]
264|[750, 4028, 0]|[0, 0, -90]|[19, 236, 109]
265|[750, 4239, 0]|[0, 0, -90]|[19, 236, 109]
266|[750, 4454, 0]|[0, 0, -90]|[19, 236, 109]
267|[750, 4671, 0]|[0, 0, -90]|[19, 236, 109]
268|[750, 4891, 0]|[0, 0, -90]|[19, 236, 109]
269|[750, 5115, 0]|[0, 0, -90]|[19, 236, 109]
270|[750, 5341, 0]|[0, 0, -90]|[19, 236, 109]
271|[750, 5571, 0]|[0, 0, -90]|[19, 236, 109]
272|[750, 5803, 0]|[0, 0, -90]|[19, 236, 109]
273|[750, 6038, 0]|[0, 0, -90]|[19, 236, 109]
274|[750, 6277, 0]|[0, 0, -90]|[19, 236, 109]
275|[750, 6518, 0]|[0, 0, -90]|[19, 236, 109]
276|[750, 6763, 0]|[0, 0, -90]|[19, 236, 109]
277|[750, 7010, 0]|[0, 0, -90]|[19, 236, 109]
278|[750, 7260, 0]|[0, 0, -90]|[19, 236, 109]
279|[750, 7514, 0]|[0, 0, -90]|[19, 236, 109]
280|[750, 7770, 0]|[0, 0, -90]|[19, 236, 109]
281|[750, 8029, 0]|[0, 0, -90]|[19, 236, 109]
282|[750, 8292, 0]|[0, 0, -90]|[19, 236, 109]
283|[750, 8557, 0]|[0, 0, -90]|[19, 236, 109]
284|[750, 8826, 0]|[0, 0, -90]|[19, 236, 109]
285|[750, 9097, 0]|[0, 0, -90]|[19, 236, 109]
286|[750, 9371, 0]|[0, 0, -90]|[19, 236, 109]
287|[750, 9649, 0]|[0, 0, -90]|[19, 236, 109]
288|[750, 9929, 0]|[0, 0, -90]|[19, 236, 109]
289|[750, 10213, 0]|[0, 0, -90]|[19, 236, 109]
290|[750, 10499, 0]|[0, 0, -90]|[19, 236, 109]
291|[750, 10788, 0]|[0, 0, -90]|[19, 236, 109]
292|[750, 11081, 0]|[0, 0, -90]|[19, 236, 109]
293|[750, 11376, 0]|[0, 0, -90]|[19, 236, 109]
294|[750, 11675, 0]|[0, 0, -90]|[19, 236, 109]
295|[750, 11976, 0]|[0, 0, -90]|[19, 236, 109]
296|[750, 12280, 0]|[0, 0, -90]|[19, 236, 109]
297|[750, 12588, 0]|[0, 0, -90]|[19, 236, 109]
298|[750, 12898, 0]|[0, 0, -90]|[19, 236, 109]
299|[750, 13212, 0]|[0, 0, -90]|[19, 236, 109]
300|[750, 13528, 0]|[0, 0, -90]|[19, 236, 109]
301|[750, 13847, 0]|[0, 0, -90]|[19, 236, 109]
302|[750, 14170, 0]|[0, 0, -90]|[19, 236, 109]
303|[750, 14495, 0]|[0, 0, -90]|[19, 236, 109]
304|[750, 14824, 0]|[0, 0, -90]|[19, 236, 109]
305|[750, 15155, 0]|[0, 0, -90]|[19, 236, 109]
306|[750, 15489, 0]|[0, 0, -90]|[19, 236, 109]
307|[750, 15827, 0]|[0, 0, -90]|[19, 236, 109]
308|[750, 16167, 0]|[0, 0, -90]|[19, 236, 109]
309|[750, 16511, 0]|[0, 0, -90]|[19, 236, 109]
310|[750, 16857, 0]|[0, 0, -90]|[19, 236, 109]
311|[750, 17206, 0]|[0, 0, -90]|[19, 236, 109]
312|[750, 17559, 0]|[0, 0, -90]|[19, 236, 109]
313|[750, 17914, 0]|[0, 0, -90]|[19, 236, 109]
314|[750, 18272, 0]|[0, 0, -90]|[19, 236, 109]
315|[750, 18634, 0]|[0, 0, -90]|[19, 236, 109]
316|[750, 18998, 0]|[0, 0, -90]|[19, 236, 109]
317|[750, 19366, 0]|[0, 0, -90]|[19, 236, 109]
318|[750, 19736, 0]|[0, 0, -90]|[19, 236, 109]
319|[750, 20109, 0]|[0, 0, -90]|[19, 236, 109]
320|[750, 20486, 0]|[0, 0, -90]|[19, 236, 109]
321|[750, 20865, 0]|[0, 0, -90]|[19, 236, 109]
322|[750, 21248, 0]|[0, 0, -90]|[19, 236, 109]
323|[750, 21633, 0]|[0, 0, -90]|[19, 236, 109]
324|[750, 22021, 0]|[0, 0, -90]|[19, 236, 109]
325|[750, 22413, 0]|[0, 0, -90]|[19, 236, 109]
326|[750, 22807, 0]|[0, 0, -90]|[19, 236, 109]
327|[750, 23205, 0]|[0, 0, -90]|[19, 236, 109]
328|[750, 23605, 0]|[0, 0, -90]|[19, 236, 109]
329|[750, 24008, 0]|[0, 0, -90]|[19, 236, 109]
330|[750, 24415, 0]|[0, 0, -90]|[19, 236, 109]
331|[750, 24824, 0]|[0, 0, -90]|[19, 236, 109]
332|[750, 25237, 0]|[0, 0, -90]|[19, 236, 109]
333|[750, 25652, 0]|[0, 0, -90]|[19, 236, 109]
334|[750, 26070, 0]|[0, 0, -90]|[19, 236, 109]
335|[750, 26492, 0]|[0, 0, -90]|[19, 236, 109]
336|[750, 26916, 0]|[0, 0, -90]|[19, 236, 109]
337|[750, 27344, 0]|[0, 0, -90]|[19, 236, 109]
338|[750, 27774, 0]|[0, 0, -90]|[19, 236, 109]
339|[750, 28207, 0]|[0, 0, -90]|[19, 236, 109]
340|[750, 28644, 0]|[0, 0, -90]|[19, 236, 109]
341|[750, 29083, 0]|[0, 0, -90]|[19, 236, 109]
342|[750, 29526, 0]|[0, 0, -90]|[19, 236, 109]
343|[750, 29971, 0]|[0, 0, -90]|[19, 236, 109]
344|[750, 30419, 0]|[0, 0, -90]|[19, 236, 109]
345|[750, 30871, 0]|[0, 0, -90]|[19, 236, 109]
